80
23
443
21
22
25
3389
110
445
139
143
53
135
3306
8080
1723
111
995
993
5900
1025
587
8888
199
1720
465
548
113
81
6001
10000
514
5060
179
1026
2000
8443
8000
32768
554
26
1433
49152
2001
515
8008
49154
1027
5666
646
5000
5631
631
49153
8081
2049
88
79
5800
106
2121
1110
49155
6000
513
990
5357
427
49156
543
544
5101
144
7
389
8009
3128
444
9999
5009
7070
5190
3000
5432
1900
3986
13
1029
9
6646
5051
49157
1028
873
1755
2717
4899
9100
119
37
1000
3001
5001
82
10010
1030
9090
2107
1024
2103
6004
1801
5050
19
8031
1041
255
1056
1049
1065
2967
1053
1048
1064
1054
3703
17
808
3689
1031
1044
1071
5901
100
9102
8010
1039
4001
2869
9000
5120
2105
636
1038
2601
1
7000
1066
1069
625
311
280
254
4000
1761
5003
2002
1998
2005
1032
1050
6112
3690
1521
2161
1080
6002
2401
4045
902
787
7937
1058
2383
32771
1059
1040
1033
50000
5555
10001
1494
593
3
2301
7938
3268
1234
1022
1074
9001
8002
1036
1035
1037
464
1935
497
6666
2003
6543
24
1352
3269
1111
407
500
20
2006
1034
3260
15000
1218
4444
264
2004
33
42510
1042
3052
999
1023
222
1068
7100
888
563
1717
992
32770
2008
32772
7001
2007
8082
5550
5801
2009
512
1043
50001
2701
1700
7019
4662
2065
2010
42
161
2602
9535
3333
5100
5002
2604
4002
1062
9415
8701
8652
8651
8089
65389
65000
64680
64623
55600
55555
52869
35500
33354
23502
20828
8194
8193
8192
2702
1311
1060
4443
9595
1051
3283
1047
9594
6789
5226
5225
32769
1052
9593
1055
16993
16992
6059


389
13782
1067
5902
366
9050
1002
85
5500
8085
51103
49999
45100
10243
5431
1864
1863
49
6667
90
1503
27000
6881
1500
340
8021
5566
9071
8088
8899
2222
32773
32774
9876
1501
9101
5102
6005
163
5679
648
1666
146
901
83
9207
8001
8083
8084
5214
14238
3476
5004
30
12345
912
2030
2605
6
541
4
1248
3005
8007
880
306
2500
4242
8291
52822
1097
9009
2525
1086
1088
900
6101
7200
2809
987
32775
800
12000
1083
211
705
711
20005
13783
6969
1104
5269
5222
1046
1085
5987
5989
5988
9968
9503
9502
9485
9290
9220
8994
8649
8222
7911
7625
7106
65129
63331
6156
6129
60020
5962
5961
5960
5959
5925
5877
5825
5810
58080
57294
50800
50006
50003
49160
49159
49158
48080
40193
34573
34572
34571
3404
33899
3301
32782
32781
31038
30718
28201
27715
25734
24800
22939
21571
20221
20031
19842
19801
19101
17988
1783
16018
16016
15003
14442
13456
10629
10628
10626
10621
10617
10616
10566
10025
10024
10012
1169
2190
11967
5030
5414
1057
7627
6788
3766
8087
11110
1947
9010
7741
14000
3367
1094
1099
1098
1075
1108
4003
1081
1093
4449
2718
6580
15002
4129
1687
1840
3827
30000
3580
1100
2144
1063
1061
6901
9900
1107
1106
9500
20222
7778
8181
1077
3801
1310
1718
2119
2811
2492
2135
1070
9080
1045
16001
2399
3017
3031
1148
9002
8873
2875
5718
10002
3998
20000
4126
9011
8086
8400
1272
3071
5911
2607
9618
2381
1096
5910
6389
3300
7777
1072
3351
1073
8333
3784
15660
5633
6123
3211
1078
8600
1079
3659
3551
2260
2160
1082
2100
3325
3323
8402
89
691
2020
1001
1999
32776
212
2998
50002
7002
6003
32
898
5510
3372
2033
5903
99
749
425
43
5405
6502
13722
6106
458
7007
9666
8100
3737
5280
9091
4111
1334
3261
1152
2522
5859
2179
1247
9944
9943
9877
9110
8654
8254
8180
8011
7512
7435
7103
61900
61532
5922
5915
5904
5822
56738
55055
51493
50636
50389
49175
49165
49163
3546
32784
27355
27353
27352
24444
19780
18988
16012
15742
10778
2191
3011
1580
5200
3851
3371
3370
3369
7402
5054
4006
5298
3918
2126
3077
7443
8090
3493
3828
4446
1186
1183
19283
19315
3995
62078
5963
3880
1124
1782
8500
1089
10004
1296
9998
2251
1087
3871
3030
9040
32779
32777
1021
32778
2021
616
700
666
5802
4321
1112
38292
2040
1524
545
84
49400
32780
2111
1600
2048
3006
1084
2638
6547
16080
6699
9111
1533
720
2034
5560
1443
2106
555
667
801
6007
3221
6025
3826
9200
2608
4279
7025
11111
4445
9917
9575
9099
9003
8290
8099
8093
8045
7921
7920
7496
6839
6792
6779
6692
6565
60443
5952
5950
5907
5906
5862
5850
5815
5811
57797
56737
5544
55056
5440
54328
54045
52848
52673
50500
50300
49176
49167
49161
44501
44176
41511
40911
32785
32783
30951
27356
26214
25735
19350
18101
18040
17877
16113
15004
14441
12265
12174
10215
10180
1151
5730
6689
8200
4567
8300
6100
10009
8800
5061
6566
5678
4004
4005
3800
3168
3869
5080
8022
1201
3814
1862
3905
2725
2394
2393
9898
1114
6510
8383
3914
3971
9878
5033
7999
7676
4900
9418
4550
2909
8042
3878
16000
1091
1090
1271
3920
6567
1138
3945
3390
1175
10003
1199
3889
9081
3003
1131
1119
8292
5087
3527
1122
7800
1117
4848
3809
3324
3322
3517
5221
2323
4224
981
722
1009
617
417
777
4998
714
70
6346
2022
765
301
1076
524
5999
668
2041
10082
1007
4343
1417
416
2038
1434
259
44443
1984
2068
7004
6009
911
726
1010
2046
4125
109
9103
2035
1461
7201
687
6006
1011
2013
125
903
2043
6669
6668
1455
481
2047
683
843
783
9929
5998
2042
406
256
44442
2045
31337
4040
1145
6060
6051
3916
9444
1875
7272
4147
4252
4200
13724
7024
1556
9941
9914
9815
9673
9643
9621
9501
9409
9198
9197
9098
8996
8987
8877
8676
8648
8540
8481
8385
8189
8098
8095
8050
7929
7770
7749
7438
7241
7123
7051
7050
6896
6732
6711
65310
6520
6504
6247
6203
61613
60642
60146
60123
5981
5940
59202
59201
59200
5918
5914
59110
5909
5905
5899
58838
5869
58632
58630
5823
5818
5812
5807
58002
58001
57665
55576
55020
53535
5339
53314
53313
53211
52853
52851
52850
52849
52847
5279
52735
52710
52660
5242
5212
51413
51191
5040
50050
49401
49236
49195
49186
49171
49168
49164
4875
47544
46996
46200
44709
41523
41064
40811
3994
39659
39376
39136
38188
38185
37839
35513
33554
33453
32835
32822
32816
32803
32792
32791
30704
30005
29831
29672
28211
27357
26470
23796
23052
2196
21792
19900
18264
18018
17595
16851
16800
16705
15402
15001
12452
12380
12262
12215
12059
12021
10873
10058
10034
10022
10011
1233
8765
9443
1137
3963
5938
2910
9191
8686
3808
3981
2710
3852
3853
3849
3944
3929
3731
1594
1658
3792
1583
4164
3162
6481
5081
1163
3820
40000
8097
4430
4555
1287
2920
1121
1154
7744
1812
26000
1166
1164
1165
7913
2366
8019
10160
4658
4600
7878
3870
3304
3307
1259
7278
4143
3872
10008
1092
3697
1688
9988
1322
7725
2557
1095
3410
1839
1971
2288
3859
1141
3514
1123
4949
3931
8675
6600
2382
3957
5968
1213
1277
9600
7900
5353
1113
3700
3007
4080
3969
1132
1309
3848
7281
1244
1641
1972
3907
3972
2200
3968
1126
5223
1217
3941
8293
1300
1719
2099
6068
3013
3050
1105
1174
6550
5501
3684
2170
1328
1216
5151
2968
1805
7080
1914
22222
1974
5868
31727
8889
12006
3119
5063
3400
20002
3888
1301
4009
8015
10023
3376
1185
1130
1147
1198
1192
1721
1149
1236
3990
3993
4096
6500
8294
3863
3846
8766
1187
5074
8016
1102
3824
2800
1103
780
930
803
725
2012
10005
2501
6222
1220
623
639
502
701
1109
2241
2232
4559
710
5680
1347
913
540
931
874
856
250
5010
475
1270
953
2044
8118
123
27
1222
86
1158
9992
102
441
447
442
18000
419
210
5803
980
251
1013
1008
3025
5520
3299
556
87
57
829
9152
1212
55
713
709
389
2628
2433
223
10083
7003
6008
6103
1550
1516
7010
943
904
840
825
792
732
1020
1006
333
657
748
2011
77
1526
557
610
1241
4333
127
1547
157
220
523
1351
1350
2067
684
674
996
602
3456
971
969
905
846
839
823
822
795
790
778
757
659
225
1015
1014
1012
862
655
3399
1522
1353
6662
1357
731

730

729
660
600
782
257
2903
2025
3632
786
998
2201
6050
2600
6017
1337
690
606
928
924
922
921
918
878
864
859
806
805
728
252
1005
1004
388
44334
5011
1127
411
641
3999
59
1525
758
740
12346
669
802
98
38037
754
2112
715
6670
1413
1414
621
2104
1229
5021
5020
7628
3220
9667
1558
1924
6115
3940
6063
6062
6055
6052
6030
6021
6015
6010
3806
5986
5985
2340
8006
2371
4545
3810
2991
3414
6065
1290
1565
3511
1559
2723
9202
4036
4035
2312
3652
5070
3280
1317
4298
4297
4294
4262
4243
4234
4220
4206
9300
4433
22555
9979
5423
7121
1927
2148
1707
1168
7998
4414
5055
9975
9971
9919
9915
9912
9910
9908
9901
9844
9830
9826
9825
9823
9814
9812
9777
9745
9683
9680
9679
9674
9665
9661
9654
9648
9620
9619
9613
9583
9527
9513
9493
9478
9464
9454
9364
9351
9183
9170
9133
9130
9128
9125
9065
9061
9044
9037
9013
9004
8925
8898
8887
8882
8879
8878
8865
8843
8801
8798
8790
8772
8756
8752
8736
8680
8673
8658
8655
8644
8640
8621
8601
8562
8539
8531
8530
8515
8484
8479
8477
8455
8454
8453
8452
8451
8409
8339
8308
8295
8273
8268
8255
8248
8245
8144
8133
8110
8092
8064
8037
8029
8018
8014
7975
7895
7854
7853
7852
7830
7813
7788
7780
7772
7771
7688
7685
7654
7637
7600
7555
7553
7456
7451
7231
7218
7184
7119
7104
7102
7092
7068
7067
7043
7033
6973
6972
6956
6942
6922
6920
6897
6877
6780
6734
6725
6710
6709
6650
6647
6644
6606
65514
65488
6535
65311
65048
64890
64727
64726
64551
64507
64438
64320
64127
6412
64080
63803
63675
6349
63423
6323
63156
63105
6310
6309
62866
6274
6273
62674
6259
62570
62519
6250
62312
62188
62080
62042
62006
61942
61851
61827
61734
61722
61669
61617
61616
61516
61473
61402
6126
6120
61170
61169
61159
60989
6091
6090
60794
60789
60783
60782
60753
60743
60728
60713
6067
60628
60621
60612
60579
60544
60504
60492
60485
60403
60401
60377
60279
60243
60227
60177
60111
60086
60055
60003
60002
60000
59987
59841
59829
59810
59778
5975
5974
5971
59684
5966
5958
59565
5954
5953
59525
59510
59509
59504
59499
5949
5948
5945
5939
5936
59340
5934
5931
5927
5926
5924
59239
5923
5921
5920
59191
5917
59160
59149
59122
59107
59087
5908
58991
58970
58908
5888
5887
5881
5878
5875
5874
58721
5871
58699
58634
58622
58610
5860
5858
58570
58562
5854
5853
5852
58498
5849
5848
58468
58456
5845
58446
58430
5840
5839
5838
58374
5836
5834
58310
5831
58305
5827
5826
58252
5824
5821
5820
5817
58164
58109
58107
5808
58072
5806
5804
57999
57988
57928
57923
57896
57891
57733
57730
57702
57681
57678
57576
57479
57398
57387
5737
57352
57350
57347
5734
57335
57325
5732
57123
5711
57103
57020
56975
56973
56827
56822
56810
56725
56723
56681
5667
56668
5665
56591
56535
56507
56293
56259
5622
5621
5620
5612
5611
56055
56016
55948
55910
55907
55901
55781
55773
55758
55721
55684
55652
55635
55579
55569
55568
55556
55527
5552
55479
55426
55400
55382
55350
55312
55227
55187
55183
55000
54991
54987
54907
54873
54741
54722
54688
54658
54605
5458
5457
54551
54514
5444
5442
5441
54323
54321
54276
54263
54235
54127
54101
54075
53958
53910
53852
53827
53782
5377
53742
5370
53690
53656
53639
53633
53491
5347
53469
53460
53370
53361
53319
53240
53212
53189
53178
53085
52948
5291
52893
52675
52665
5261
5259
52573
52506
52477
52391
52262
52237
52230
52226
52225
5219
52173
52071
52046
52025
52003
52002
52001
52000
51965
51961
51909
51906
51809
51800
51772
51771
51658
51582
51515
51488
51485
51484
5147
51460
51423
51366
51351
51343
51300
5125
51240
51235
51234
51233
5122
5121
51139
51118
51067
51037
51020
51011
50997
5098
5096
5095
50945
50903
5090
50887
5088
50854
50849
50836
50835
50834
50833
50831
50815
50809
50787
50733
50692
50585
50577
50576
50545
50529
50513
50356
50277
50258
50246
50224
50205
50202
50198
50189
5017
5016
50101
50040
50019
50016
49927
49803
49765
49762
49751
49678
49603
49597
49522
49521
49520
49519
49500
49498
49452
49398
49372
49352
4931
49302
49275
49241
49235
49232
49228
49216
49213
49211
49204
49203
49202
49201
49197
49196
49191
49190
49189
49179
49173
49172
49170
49169
49166
49132
49048
4903
49002
48973
48967
48966
48925
48813
48783
48682
48648
48631
4860
4859
48434
48356
4819
48167
48153
48127
48083
48067
48009
47969
47966
4793
47860
47858
47850
4778
47777
4771
47700
4770
4767
47634
4760
47595
47581
47567
47448
47372
47348
47267
47197
4712
47119
47029
47012
46992
46813
46593
4649
4644
46436
46418
46372
46310
46182
46171
46115
4609
46069
4606
46034
45960
45864
45777
45697
45624
45602
45463
45438
45413
4530
45226
45220
4517
45164
4516
45136
45050
45038
44981
44965
4476
44711
4471
44704
4464
44628
44616
44541
44505
44479
44431
44410
44380
44200
44119
44101
44004
4388
43868
4384
43823
43734
43690
43654
43425
43242
43231
43212
43143
43139
43103
43027
43018
43002
42990
42906
42735
42685
42679
42675
42632
42590
42575
42560
42559
42452
42449
42322
42276
42251
42158
42127
42035
42001
41808
41773
41632
41551
41442
41398
41348
41345
41342
41318
41281
41250
41142
41123
40951
40834
40812
40754
40732
40712
40628
40614
40513
40489
40457
40400
40393
40306
40011
40005
40003
40002
40001
39917
39895
39883
39869
39795
39774
39763
39732
39630
39489
39482
39433
39380
39293
39265
39117
39067
38936
38805
38780
38764
38761
38570
38561
38546
38481
38446
38358
38331
38313
38270
38224
38205
38194
38029
37855
37789
37777
37674
37647
37614
37607
37522
37393
37218
37185
37174
37151
37121
36983
36962
36950
36914
36824
36823
36748
36710
36694
36677
36659
36552
36530
36508
36436
36368
36275
36256
36105
36104
36046
35986
35929
35906
35901
35900
35879
35731
35593
35553
35506
35401
35393
35392
35349
35272
35217
35131
35116
35050
35033
34875
34833
34783
34765
34728
34683
34510
34507
34401
34381
34341
34317
34189
34096
34036
34021
33895
33889
33882
33879
33841
33605
33604
33550
33523
33522
33444
33395
33367
33337
33335
33327
33277
33203
33200
33192
33175
33124
33087
33070
33017
33011
33000
32976
32961
32960
32944
32932
32911
32910
32908
32905
32904
32898
32897
32888
32871
32869
32868
32858
32842
32837
32820
32815
32814
32807
32799
32798
32797
32790
32789
32788
32765
32764
32261
32260
32219
32200
32102
32088
32031
32022
32006
31728
31657
31522
31438
31386
31339
31072
31058
31033
30896
30705
30659
30644
30599
30519
30299
30195
30087
29810
29507
29243
29152
29045
28967
28924
28851
28850
28717
28567
28374
28142
28114
27770
27537
27521
27372
27351
27350
27316
27204
27087
27075
27074
27055
27016
27015
26972
26669
26417
26340
26007
26001
25847
25717
25703
25486
25473
25445
25327
25288
25262
25260
25174
24999
24616
24552
24416
24392
24218
23953
23887
23723
23451
23430
23382
23342
23296
23270
23228
23219
23040
23017
22969
22959
22882
22769
22727
22719
22711
22563
22341
22290
22223
22200
22177
22100
22063
22022
21915
21891
21728
21634
21631
21473
21078
21011
20990
20940
20934
20883
20734
20473
20280
20228
20227
20226
20225
20224
20223
20180
20179
20147
20127
20125
20118
20111
20106
20102
20089
20085
20080
20076
20052
20039
20032
20021
20017
20011
19996
19995
19852
19715
19634
19612
19501
19464
19403
19353
19201
19200
19130
19010
18962
18910
18887
18874
18669
18569
18517
18505
18439
18380
18337
18336
18231
18148
18080
18015
18012
17997
17985
17969
17867
17860
17802
17801
17715
17702
17701
17700
17413
17409
17255
17251
17129
17089
17070
17017
17016
16901
16845
16797
16725
16724
16723
16464
16372
16349
16297
16286
16283
16273
16270
16048
15915
15758
15730
15722
15677
15670
15646
15645
15631
15550
15448
15344
15317
15275
15191
15190
15145
15050
15005
14916
14891
14827
14733
14693
14545
14534
14444
14443
14418
14254
14237
14218
14147
13899
13846
13784
13766
13730
13723
13695
13580
13502
13359
13340
13318
13306
13265
13264
13261
13250
13229
13194
13193
13192
13188
13167
13149
13142
13140
13132
13130
13093
13017
12962
12955
12892
12891
12766
12702
12699
12414
12340
12296
12275
12271
12251
12243
12240
12225
12192
12171
12156
12146
12137
12132
12097
12096
12090
12080
12077
12034
12031
12019
11940
11863
11862
11813
11735
11697
11552
11401
11296
11288
11250
11224
11200
11180
11100
11089
11033
11032
11031
11026
11019
11007
11003
10900
10878
10852
10842
10754
10699
10602
10601
10567
10565
10556
10555
10554
10553
10552
10551
10550
10535
10529
10509
10494
10443
10414
10387
10357
10347
10338
10280
10255
10246
10245
10238
10093
10064
10045
10042
10035
10019
10018
1823
1327
3479
3653
2330
8201
4876
3240
2580
2644
3600
4020
2700
2436
3906
4375
4024
1584
5581
5580
6251
3943
3200
1223
2142
1976
1975
5202
5201
3817
9020
4016
5111
3281
9911
3923
2439
3930
7345
7325
7320
7300
1250
1221
2973
3909
16161
14001
1607
1330
1736
3080
4158
2270
3526
5066
1204
2711
2187
1750
3430
2728
3796
5814
2888
3922
3803
3419
4881
5250
3979
3670
4174
3102
1605
3483
2631
7500
1645
4190
5553
5554
1303
3636
1251
1243
3712
8052
8883
9400
1291
1208
3319
1297
3935
3897
5152
3637
1200
1811
1215
3962
3368
3860
3964
4442
9875
1128
4010
3291
1118
8401
3765
7400
2101
1699
2889
1195
1694
1730
5053
1912
1745
2250
1712
6379
43000
2997
1306
3532
2449
3813
2083
3799
3790
3599
3850
4355
4358
4357
4356
1262
5433
4007
4713
3089
1101
4374
3658
1268
3961
3911
1735
1858
3396
1753
1264
1711
3967
2505
3118
4601
1321
8471
1598
1305
1314
3121
2558
6161
4025
9022
9021
1632
9995
30001
1307
1981
2532
7501
3443
8472
9990
1808
1159
2435
1194
1622
5014
4161
1135
3904
5723
4090
9211
9210
4141
7789
1308
6619
9628
3519
12121
4687
4454
5012
3680
3167
8474
8980
1239
3901
3902
3842
16900
4700
4118
1799
12865
3812
2606
1196
10115
3928
1615
2902
10006
2882
3890
1683
2706
3063
3062
2095
2096
5133
3363
4407
1340
4447
3795
8005
10007
3515
1806
6888
4602
1911
4558
2438
3847
3882
5722
1883
1261
5969
9343
5252
28017
27019
27018
27017
2583
2031
2197
2271
3837
4120
3798
25565
2269
20001
2292
2622
11001
1207
2850
1249
21201
8003
3311
1180
2908
3936
3023
4912
3503
2463
1752
2280
4056
2623
4877
1184
9333
19333
3913
3672
4342
8282
1861
9592
7099
2372
1701
1318
6085
2081
1339
4058
2115
8900
2958
2957
4328
7071
1276
3899
2531
2691
5052
3788
1638
2551
1336
11000
48619
3497
1209
4029
1331
3603
1240
2082
3856
3602
1176
1143
4800
4100
3486
2987
2326
6077
25001
25000
2062
1792
7072
1156
1157
2313
3952
3919
5023
3439
6324
1125
3908
2984
1188
1299
1715
8232
1722
2988
10500
1136
4999
1162
1703
3956
22128
1677
1211
1191
9005
3057
2086
12009
3530
4325
1708
3520
5235
1144
5015
5013
4745
1228
3210
2425
1901
5912
3787
32767
1807
3825
3622
5502
4039
1620
5557
10101
3002
1316
2069
5114
1569
9616
4369
3621
1210
12001
12002
5233
3586
1691
1282
1315
2087
7101
2124
3983
3982
2224
5234
1635
3263
2291
1791
3728
4121
2150
3310
1958
2804
3937
3831
2253
5721
3663
4401
3949
9909
2376
2375
4022
1973
3876
3362
3334
47624
1825
3868
4570
1324
1279
9131
3793
22125
12005
17500
6113
4302
1173
2584
2300
8954
9287
5137
3190
3742
2806
41795
41794
8116
1566
4300
8445
3365
4665
3577
1713
2261
2262
1592
1190
3374
2567
9694
4135
2598
1167
8470
3749
1302
3830
1709
3485
8880
2734
3505
3388
3669
2418
1871
1918
8025
2472
1153
3991
3989
3992
3681
3014
4101
4415
6503
9700
3683
1150
18333
4376
24554
2302
3146
8999
3415
3946
1179
2203
4192
4418
5005
2134
4065
2080
3103
9084
2304
2812
4119
1560
4534
1835
1116
3513
8023
2265
5473
5475
3879
4087
2898
4112
1134
3948
9950
3506
9161
9160
47806
2712
2325
1800
2930
3839
1319
5672
3811
4689
2456
2901
3975
4113
2847
2070
3425
3997
3915
6579
6628
8202
8060
2550
8403
6350
3823
3980
2335
1182
1954
3996
10020
3656
4599
22350
2391
400
22273
769
983
979
973
967
965
961
942
935
926
925
914
863
858
844
834
817
815
811
809
789
779
743
1019
1989
11
1507
1492
66
32787
32786
509
706
635
762
5632
47
830
4008
5977
1444
3985
6105
578
591
678
27001
642
446
1495
5308
1441
31416
54320
7005
52
1652
682
577
985
984
974
958
952
949
946
923
916
899
897
894
889
835
824
814
807
804
798
733
727
237
12
10
219
525
1420
665
501
6110
122
3045
440
664
620
615
3398
771
653
75
158
716
861
1366
1663
833
1364
603
91
750
828
9991
860
695
101
634
538
1359
989
27010
810
510
4199
3064
68
847
76
1358
3049
1139
649
707
449
104
1680
629
2024
1517
2430
1370
988
962
948
945
941
938
936
929
927
919
906
883
881
875
872
870
866
855
851
850
841
836
826
820
819
816
813
791
745
736
735
724
719
343
334
300
28
249
230
16
1018
1016
3900
450
2014
1988
492
2018
658
1474
268
27374
1991
605
8076
1178
3086
1651
5232
1349
696
5145
50
630
7597
663
1445
1402
1465
2307
1552
5400
627
1384
7273
950
1388
92
609
741
831
353
5978
45
4660
638
112
456
760
761
2120
9104
702
6665
1404
651
1389
1551
661
5300
491
6347
221
4557
1214
640
647
448
1356
6401
507
1484
673
1523
1400
1399
632
1385
5191
1346
6143
676
214
3141
670
970
968
964
963
960
959
951
947
944
939
933
909
895
891
879
869
868
867
837
821
812
797
796
794
788
756
734
721
718
708
703
60
40
253
231
14
1017
1003
1996
1527
69
1475
97
656
633
8892
975
5530
2026
3397
4500
560
180
1354
1497
628
4480
1403
35
8123
11371
553
1995
511
18182
18184
723
1466
611
1486
689
1650
1668
1664
15
832
137
13720
991
561
3292
685
997
505
1496
637
1762
51
751
9107
9106
9105
994
194
213
1539
1412
1515
886
1405
1435
692
694
1369
103
1401
402
1997
1372
681
680
704
644
2064
854
675
1379
47557
2015
1467
624
799
454
622
1476
1373
3264
6701
1387
770
14141
1348
182
201
262
1381
654
6588
1535
7009
27665
58
2023
177
776
26208
4144
2627
1498
1519
672
677
1545
1398
2431
3457
697
401
982
978
972
966
957
956
934
920
915
908
907
892
890
885
884
882
877
876
865
857
852
849
842
838
827
818
793
785
784
755
746
738
737
717
34
336
325
303
276
273
236
235
233
181
604
9051
1362
493
712
1437
601
412
1529
871
95
1994
1992
1990
133
6145
486
362
193
200
118
6111
608
1549
2027
115
1537
1368
1436
1426
774
688
1531
38
129
645
136
3531
1827
65301
16444
1446
18183
18181
260
536
764
698
94
4132
261
607
308
1667
1662
1661
74
73
71
1493
138
13713
404
5997
6544
1510
29
31
568
397
44
6147
1528
350
224
6146
1986
1763
2053
399
1355
1454
1390
1393
1394
887
1376
418
1424
1410
1409
7634
686
5301
5302
176
848
1513
747
1499
1439
1438
315
853
196
466
410
403
93
1456
1479
355
462
763
1472
6400
453
759
437
619
2432
1386
120
6700
1442
415
1432
1548
1422
114
1397
206
202
204
6142
1544
422
8770
626
7008
7006
1483
1365
699
1511
1538
346
173
54
56
1462
2019
1518
516
1457
117
986
977
976
955
954
937
932
896
893
845
8
768
766
739
337
329
326
305
295
294
293
289
288
277
238
234
229
228
226
571
522
1470
1987
1430
1419
1418
526
267
209
65
391
392
2028
773
614
150
1408
572
162
1993
108
413
596
420
460
1543
358
1502
451
452
361
470
360
457
598
582
643
487
322
168
753
369
1509
2108
4672
185
43188
1541
1540
752
189
7464
271
191
5714
5717
5713
1459
408
6548
485
496
767
583
662
1449
1480
192
18187
1473
423
184
428
1448
4133
518
1458
1416
1429
533
1672
1671
1670
72
742
13721
13718
13715
13714
13701
1363
1464
569
1374
435
434
1427
1482
1532
1360
570
6141
4987
265
351
3984
174
480
472
2766
1361
373
17300
910
17007
380
414
1451
535
1395
1391
7326
432
479
473
781
383
2564
613
612
151
652
5303
1383
128
1542
19150
270
1453
190
258
1505
27009
27007
27005
27003
27002
744
1371
1423
775
141
1440
1396
352
438
1488
96
1508
67
552
618
316
1367
1407
217
439
528
148
530
284
5490
2
542
370
132
130
2016
15151
3421
142
248
364
48
216
205
5193
1491
124
116
1411
149
599
1469
564
2133
7173
3925
7088
1425
17756
17755
4072
3774
3841
2102
17754
2989
317
10051
10050
44123
41230
4123
31029
9978
9925
3832
36462
508
3424
3423
5793
6116
4095
3721
3646
3510
6936
3722
1619
3651
5634
14500
3865
15345
11876
16619
3763
165
2157
38422
1716
2279
7430
3877
5270
3953
3412
4788
1933
5344
2341
2327
3088
6558
2130
7629
4888
4889
3074
3639
4389
1934
5757
11877
6061
6058
6057
6056
6054
6053
6049
6048
6047
6046
6045
6044
6043
6042
6041
6040
6039
6038
6037
6036
6035
6034
6033
6032
6031
6029
6028
6027
6026
6024
6023
6022
6020
6019
6018
6016
6014
6013
6012
6011
2165
3741
4368
1760
2784
5413
3717
3716
3590
2396
2923
2805
3111
6602
4537
4431
5007
5006
3378
4879
5358
3702
6114
2596
2595
4417
3466
22321
22305
22289
3219
4883
1338
36411
2504
2720
4871
3861
1512
47001
7395
3926
5166
3674
1785
1727
1326
2980
2231
2518
1890
11208
4390
2781
565
3233
3359
4057
4847
4177
4984
3342
3427
21845
2907
1963
2054
2851
3748
1739
11095
48050
4845
4185
8912
5990
1269
3563
5743
5744
12321
12322
9203
9201
9206
9204
9205
2949
2948
6626
2455
4049
3633
5787
2547
2548
2546
4790
4789
3207
8199
4145
13882
3482
2216
5780
3122
16666
3509
7779
2695
3375
312
2996
2539
7566
2893
9598
1880
2387
3317
1885
14149
2410
4032
2821
2255
2074
1956
4991
3883
4299
4296
4295
4293
4292
4291
4290
4289
4288
4287
4286
4285
4284
4283
4282
4281
4280
4278
4277
4276
4275
4274
4273
4272
4271
4270
4269
4268
4267
4266
4265
4264
4263
4261
4260
4259
4258
4257
4256
4255
4254
4253
4251
4250
4249
4248
4247
4246
4245
4244
4241
4240
4239
4238
4237
4236
4235
4233
4232
4231
4230
4229
4228
4227
4226
4225
4223
4222
4221
4219
4218
4217
4216
4215
4214
4213
4212
4211
4210
4209
4208
4207
4205
4204
4203
4202
4201
24323
2530
1589
2649
1224
5046
1345
5164
8473
28200
3625
3541
21590
25793
1796
8699
2538
3321
7802
8182
175
1868
2474
24249
1631
6672
6673
3601
4307
9284
2386
1852
3752
12013
12012
4344
3245
1853
3231
3058
63
3802
5646
6678
78
17184
3738
2610
2770
2994
2993
2802
3270
2771
4621
575
18668
1775
14150
3073
2554
2426
1771
4188
4839
4838
4837
3654
8034
14154
671
3676
5675
15118
3845
2529
430
431
519
1506
3272
3534
2745
3786
2648
3664
3356
2537
3313
3314
1957
2820
4184
3217
126
37654
1979
1978
9629
2927
4127
2357
2696
4867
1889
2499
2437
2655
1189
5281
2138
2110
2248
3098
1797
1910
1737
483
372
390
6306
3720
8778
1382
1867
2542
1833
1624
8070
13894
2879
4034
7887
8953
2767
2768
145
19194
3584
3012
8937
3428
27999
21800
3791
2670
3492
34249
39681
1846
5197
9762
5747
5748
3474
2943
5463
5462
2862
3468
2484
2977
2978
2675
2483
3579
1568
2077
2489
4422
1237
2742
2741
12753
2573
8804
4725
2156
3346
9555
10200
1588
4070
6069
21212
4711
4323
4322
7727
3608
3959
17224
17225
2405
4678
3858
3857
5282
1869
9277
2642
3462
20670
33434
1906
594
2078
2158
5153
3885
2885
24465
3040
20167
8066
2669
3308
590
3309
8320
8321
7901
7903
7902
3686
377
474
476
2739
20046
5583
2798
3083
6252
3082
3081
2361
4176
2915
1965
6118
3160
5104
3754
3243
10261
4124
5450
7548
11971
1832
4139
4423
2296
6201
4146
3713
1758
5048
31457
7631
3544
41121
359
11600
7491
3696
3549
1728
1380
2060
5428
1946
559
9668
9222
1814
3805
1977
2576
2729
24680
1610
25900
2403
2402
2470
3552
6442
5203
3144
2306
1922
2726
7015
7012
7011
1838
517
22763
2493
4019
4018
4017
4015
6149
4014
3573
5073
2392
11173
7932
7933
32249
1274
1627
3175
5406
2609
3251
4094
3241
6514
6418
3734
45045
2679
2647
4106
6102
4548
7707
5008
8243
8280
2880
3547
5629
3723
4950
3895
3894
19540
3273
5043
4538
7359
7358
7357
7356
7355
7354
7353
7352
7351
7350
7349
7348
7347
7346
7344
7343
7342
7341
7340
7339
7338
7337
7336
7335
7334
7333
7332
7331
7330
7329
7328
7327
7324
7323
7322
7321
7319
7318
7317
7316
7315
7314
7313
7312
7311
7310
7309
7308
7307
7306
7305
7304
7303
7302
7301
9282
9281
1866
3491
6965
6966
6964
6963
1751
15126
10104
2377
9026
9025
9024
9023
17777
1625
3413
6419
8404
8405
4031
3212
5453
243
5700
2709
7967
8989
1860
1870
3816
3934
2084
11165
11161
11163
11162
11164
7677
6488
6484
6486
6487
6485
6443
6480
6489
5306
7588
4850
3708
6551
3354
1905
16959
247
527
3158
5349
3478
7471
3090
3854
5027
5026
5397
6344
566
9612
9293
4178
5705
2986
1312
1226
1836
2154
6144
4157
4156
3615
4131
1654
2838
1692
9801
7743
266
1203
3318
45966
3352
8808
7801
3249
3644
3550
2479
2477
2478
17235
6071
4750
477
20012
20013
3018
38800
2737
3942
4303
156
9089
9088
3807
40404
1759
5443
478
2876
46998
5770
5769
4751
2507
3647
3606
3438
4683
1923
9306
9312
7016
33334
3835
3834
2440
6121
5794
3193
2568
17185
3166
7981
7982
3838
2569
2290
2653
2863
2636
1964
4738
2132
16162
3884
215
1621
4882
3379
5146
580
9450
11171
1967
2659
2409
5416
2657
3380
5417
2658
10162
10161
5162
5161
33656
2533
2892
2452
7560
1684
2333
22000
2599
4752
3536
1553
11201
2704
2703
3185
2775
2613
7734
6786
6787
5445
426
3218
4116
3516
1608
4786
2721
4988
4412
9522
2942
2941
2940
2939
2938
1966
4408
1847
36423
1606
3065
1225
1705
2826
2827
1618
3556
1660
6456
6455
3874
4605
3611
2629
2630
2545
2676
2756
2257
3688
3687
1959
4753
2857
7626
1599
3110
4163
2832
2831
2830
2829
5461
1733
2733
2974
5032
3614
28240
2320
4742
498
4787
22335
4105
1257
1626
5841
3617
3595
43210
4366
160
153
11106
11109
5434
6444
6445
16950
1659
3326
3230
5635
5636
6343
4546
1714
2367
5362
9212
3172
3173
3171
3170
3169
9213
10548
8351
2235
6108
4076
2089
5099
5093
3588
2316
8059
8058
8057
8056
8055
8054
8053
3898
169
3255
2254
5399
9318
3978
38865
3496
3495
9401
9402
32635
3143
2471
24666
5568
2309
2705
5059
5540
3242
3896
3635
558
5573
2308
2310
3562
2384
1681
2385
6315
9899
5168
5167
26133
5024
5025
14002
5427
5307
2577
19007
7708
7128
7129
5435
3499
2719
4421
5163
3391
25576
3744
3755
7542
1129
4079
3038
4033
30832
3275
5410
5422
5409
1644
2640
4952
3698
14034
14033
3452
2760
1646
3153
2278
23272
5767
166
7784
30100
2578
3422
5156
8554
7401
3138
3137
3500
6900
107
3891
35001
35002
35005
35006
3707
3706
35003
35004
363
1698
2390
10201
2752
5750
1793
1647
45002
3736
13217
1697
1693
1695
1696
5313
324
323
2214
3677
7117
7663
8051
2223
2221
4791
48653
8270
2919
9599
2423
3418
3844
25471
2416
2959
2818
10990
39
1817
5
9208
7473
2603
521
2209
2777
2776
4590
2057
6148
3296
1431
2249
3147
4684
8230
5842
12109
32811
4336
2886
3019
4733
283
3163
1942
6320
2837
2999
3789
2373
4373
4731
2543
3032
2346
2348
2347
2349
2928
2240
1343
18635
18634
5569
21553
2321
16385
1571
2258
3467
469
2225
2332
7810
7870
5693
3553
44553
3768
2774
2773
3555
6099
2167
2714
2713
3533
4037
9753
2457
3094
3093
1953
2176
1530
9345
7227
2736
2189
2188
12302
18104
2872
1813
1596
1595
5430
3178
18136
5676
2177
5028
4841
2900
2230
3554
5677
7980
7040
3566
3843
1341
2589
8153
5464
2497
2935
3059
4354
10055
2612
2724
3385
5689
6209
2523
2490
2468
2765
3543
5083
45825
5082
368
2461
2462
1253
7794
2680
3009
2434
2694
4951
3951
3735
4193
4093
2441
2520
5075
7997
8117
8140
9981
6140
4329
320
319
15740
597
7880
2351
2353
2354
1788
2352
4168
5507
3662
2355
3453
6163
4312
2350
3455
2091
2303
1732
5716
5715
1460
1674
1673
8183
1678
15999
3973
34963
34962
34964
4749
1283
1778
3248
2722
24678
8032
3910
409
2039
2588
3650
3133
2618
10631
170
6716
7747
4487
3582
47809
4690
2924
2315
3607
5630
4455
4456
1587
4457
28001
9640
2687
5863
5134
13224
13223
5071
1777
2899
2480
2443
494
3710
7787
7202
3055
2487
3540
7798
7797
3875
6124
2937
44323
2972
5437
5436
7426
7633
7431
6355
3821
44322
44321
4066
5112
6771
6770
3469
2790
32400
3480
4351
3933
4659
1819
3285
1293
318
5318
2634
5272
4352
4416
5078
2865
321
4306
1280
1603
2787
4869
4868
468
3177
3347
1779
9280
6432
3208
8805
3109
3557
281
1916
4313
5312
1230
4075
5227
9630
9631
6817
9279
9278
3135
1980
16310
6086
1675
2843
16311
3033
344
3254
4012
3253
9597
2274
3048
8444
6655
2566
4182
1562
5172
4172
3189
3085
1332
4189
2256
3892
2299
2246
1246
8129
8128
1564
345
4097
8161
2665
2664
6162
8160
1333
586
6581
6582
4681
4989
3348
8276
7680
3095
1633
6657
9997
9996
9994
9993
30002
3771
7511
7237
5236
3435
31400
4311
6671
3587
8004
3955
6084
6082
34379
34378
4304
2447
2389
6640
2956
30999
7428
7510
7427
2954
2953
5310
2951
2428
2936
9390
29167
6951
7728
5045
3034
3432
6679
40853
2413
2407
11103
3274
3355
1597
1570
3075
3076
3078
2398
1630
1575
1809
8997
1754
1748
5575
3718
22005
22004
22003
22002
22001
2524
2408
1829
2237
3977
3976
3303
19191
18185
7429
2400
3855
2368
35357
8688
8764
1258
5768
5766
5755
5729
7478
4743
6653
20014
4089
3434
4843
4840
3100
424
314
5314
7030
2267
3244
2198
2199
2185
4428
4429
4162
5724
4395
2056
4359
7275
7274
7277
7276
1160
2661
4142
2364
18186
4732
506
9008
9007
2322
3320
11175
11174
11172
9966
2498
3187
3523
3305
10933
429
2697
183
36602
650
3568
8567
3567
1894
28000
4420
2329
2184
8711
5991
49001
4128
1463
6777
6778
7545
7544
3522
4453
159
4159
7170
7724
5415
3266
36424
4088
4703
8450
2868
2293
2544
2645
23402
23400
23401
3016
21010
5215
4663
4803
2338
13786
5209
3406
3405
43191
8981
1917
1921
2210
433
3780
2244
537
1790
2839
2817
2503
3649
10111
10110
10810
1242
3149
3148
3151
3150
7549
5299
2252
4043
25903
376
25901
5627
48001
1617
48002
48003
48000
48005
48004
6421
6420
25902
4134
2556
3537
61
2672
1690
38412
20049
7393
7701
1155
4021
178
2360
6629
6627
8457
2058
3679
2671
2075
2076
2114
3165
550
2614
4702
4701
2585
2586
3409
3209
2411
3203
3204
396
1669
1665
1286
1879
4138
5421
2810
21846
21847
21849
21848
16368
16367
16361
16360
154
155
4425
2328
2592
61441
61440
61439
3129
3641
3640
2983
5465
1843
1842
1841
1970
2486
2485
532
2061
6842
6841
1406
10116
10114
2219
2735
10113
2220
3829
1329
395
6513
4335
4334
1676
2971
2451
3701
4409
3131
4441
1612
1616
1613
1614
13717
13716
13712
13711
13710
13709
13708
13706
13705
13702
3066
11104
11105
2442
5771
2450
1830
9086
2128
5363
4350
489
8834
3507
3213
1285
7474
3886
3262
37475
2730
2881
3024
2883
6363
43189
2738
3096
3431
6064
5681
3196
3195
2528
1591
1744
405
2397
2683
5979
1888
2093
2094
20034
6133
13785
10809
2163
2162
3159
1288
6317
2895
3753
2343
3015
3927
5350
5351
1960
2286
2236
167
3950
4361
5062
3725
9286
1685
9285
7282
33060
6446
2273
1831
11108
2388
2981
467
6632
9119
1574
2743
188
171
3733
9903
19398
33435
7421
2791
4691
8115
2469
2305
2072
6601
7742
2855
4686
18
1582
1731
2871
8787
8786
2171
2172
2173
2174
6076
4554
2460
1477
1478
5356
5360
5361
3132
5720
3535
5726
5725
3343
5359
7392
679
4986
3958
3358
218
2684
2686
2681
2685
1952
46
6636
6635
6634
3924
9397
9344
2952
2579
2488
20048
2561
1235
367
3445
8666
8665
471
9255
1576
7869
4688
2926
2593
3764
5237
1815
2272
4668
4667
4173
534
32801
8077
19788
4171
4310
3454
7872
7606
5136
7786
4069
8033
7391
9445
2621
1581
3008
7013
7014
7979
1534
490
5022
6083
3070
4679
4680
6509
2427
2727
5402
349
2266
1824
6382
2511
7172
6390
6370
6360
1897
2311
6070
9596
2118
2117
4151
4603
4552
1231
11211
3572
3571
2944
7720
3673
5157
3594
2363
46999
2789
13930
24003
24004
24006
24000
24002
24001
24005
3232
5354
7871
3235
2688
5598
3115
3117
3116
3331
3332
3302
3330
3558
4458
5418
2698
6622
3570
1820
3521
1899
2180
9632
3180
8763
47000
4153
3569
2591
3276
6074
4360
49000
2587
7073
3836
8384
36700
8911
8910
269
2342
1593
2516
5092
2243
4902
313
3194
3691
2453
2535
4181
4345
2905
44900
36444
2904
3565
36443
3732
5567
4894
5044
6471
2145
2146
2143
3079
2147
4913
4741
4044
3487
2559
8503
5574
11430
3068
3069
2090
2620
10805
1298
8162
4083
4082
4081
7026
2541
2540
1629
1628
5254
5058
2125
1487
1634
2283
2284
2285
2281
2282
6200
8208
8207
8204
31620
8205
8206
5084
5355
2813
2814
3278
2795
1555
3767
4341
1969
1968
2611
12300
3747
3746
1903
245
8191
4670
1983
1886
374
2212
4042
6087
8101
6482
3407
7365
2465
2466
2816
2779
2815
2780
3373
3739
1682
3815
4347
1485
11796
3970
4547
1764
2395
9536
2560
9747
4591
2841
2370
2842
2840
4372
4371
4432
8102
4566
3360
3361
4331
6623
3112
398
3699
5253
27504
2294
2424
1773
5696
7697
35354
186
30260
3581
6620
6621
5343
584
1649
2502
5364
36865
2918
4661
2656
2213
2822
31016
26262
26263
40023
287
1937
16021
16020
1938
1289
1939
47100
1940
3642
5883
48048
5034
3471
3470
2205
5309
3155
3042
4166
4114
6583
5673
3215
3214
6962
8901
6961
1567
4160
3777
2097
1706
1936
27442
1810
6244
6243
6242
6241
2406
7095
4030
2508
19541
2506
3529
3528
5230
5229
4327
3794
3473
3472
7181
3627
8091
1623
1578
19020
2808
4107
4109
2166
2866
4801
2982
3596
38001
38000
5049
3258
1275
4410
1573
4348
1828
3084
2828
3719
10100
7280
8184
1609
3775
2853
3589
3501
3782
147
499
3205
48128
1950
1949
1637
1643
1642
3226
8148
1636
5047
1245
17223
379
21000
4604
3504
3206
2632
6697
529
32034
18769
2527
10117
3804
4593
3678
7031
7420
2962
2963
4068
4740
4739
20202
4737
9214
3743
2215
576
2549
43190
2088
2055
7410
1579
5728
45054
1585
8020
503
11751
1907
3202
3548
3060
2652
2633
3508
4052
3692
4746
24386
16991
17234
3459
484
495
5057
5056
4878
49150
1602
1490
9215
23005
23004
23003
23002
23001
23000
2716
2793
3560
5597
134
18881
1428
2854
2319
3667
2233
5029
3345
8067
7775
46336
2454
3156
8130
8131
7624
2127
2970
2932
3139
2202
7674
7675
7673
7672
3164
1710
3657
11320
11319
8615
2637
585
2239
27345
4802
1611
24321
3186
19000
2801
4744
5165
3420
6464
4551
1284
19998
2404
2079
25604
2995
3797
2966
4067
2590
32896
1884
4152
549
1725
2337
3881
5742
5741
4553
5639
3130
14143
14142
2799
4486
5813
1392
18242
25008
25007
25006
25005
25004
25003
25002
25009
2063
31948
31949
4064
4062
4063
4061
6850
1344
1604
8733
2276
2275
6714
2572
3494
1260
9085
1881
3539
3538
3267
385
1586
1726
5784
4569
6999
6998
4594
2140
4595
4596
2139
2141
9614
4169
4073
13160
5069
5674
1577
2374
5105
8313
4180
8991
8990
5628
4827
2029
1985
2113
2570
4592
5228
5224
2715
4484
2207
2448
5404
5403
2206
22370
2208
2985
5565
5317
5316
1877
19412
19410
19411
3037
3101
2690
382
1803
3329
3612
381
3384
4041
3449
2744
2597
6790
6791
8231
43438
3047
3634
2575
4884
12172
4880
9954
4117
2467
24322
3250
4148
7397
8807
3921
1789
10860
35000
3740
1281
1161
2641
14937
14936
263
4197
7630
375
5094
1816
2245
3769
3623
3036
5305
1238
5315
3542
5304
11720
3179
2979
2945
2356
2073
2778
4844
3745
4842
3010
18262
35356
9321
6080
3591
3592
2152
2123
1452
2643
2186
9889
488
4729
16002
1850
3761
30400
3136
2458
6269
6268
3757
4755
4754
9123
9122
7017
41
5117
2947
3386
3751
2217
5687
23053
9339
4183
2519
6109
1909
1774
3229
2833
6267
3222
2482
2481
3862
5688
4332
4985
3108
4326
7283
3475
6081
7962
3381
1590
4730
37483
2159
3429
8190
2660
14145
3436
3484
3762
3912
2626
8322
10800
1421
1859
31765
2914
1738
38201
8881
3051
4340
8074
2678
2677
2732
4110
2421
2731
19539
286
2849
3402
2358
1786
1787
3382
1657
1514
4086
1747
1746
574
8502
2429
7164
4349
7394
9217
8043
3488
41111
8044
2788
4130
7726
5556
4915
7244
4122
4411
4084
5408
5407
2242
4396
2359
4901
3840
27008
27006
27004
5638
2884
24677
3729
1874
2946
3035
2509
1873
2975
2747
2751
2750
2748
2749
9396
1904
1902
3067
1848
9374
3648
2510
1193
7018
2673
1232
2615
3192
1689
1855
1856
1784
4682
3350
24922
1887
24242
5670
3401
6715
3294
3293
3216
1776
3152
36524
5579
4320
5503
5504
5746
5745
2344
4727
3225
2819
4038
7437
6417
347
3353
2689
2495
10081
38202
3873
2515
2514
1561
1915
5582
4353
2792
38472
10103
10102
26260
4085
26261
589
1948
2666
2755
26489
26486
26487
5401
2769
3759
2674
4091
4092
6066
1876
43440
2835
2834
2782
1504
592
1798
6935
34980
1818
2380
2379
6107
16309
1982
1772
2969
2867
8417
8416
8266
3383
2797
4023
5600
5601
2950
5599
3564
3666
3629
1342
1822
9617
121
5135
2650
2109
43439
4942
4941
4940
3628
3044
4669
4666
2051
3259
3819
2912
1267
3620
8149
309
1865
12003
12004
3665
3289
1804
8041
5085
1740
2211
20480
1928
4664
3585
6322
6321
6656
140
2707
11623
11723
13218
9083
1273
3197
3198
394
5116
2526
7700
23333
2916
2917
4370
6515
5398
4346
1378
1893
3525
1295
4536
4535
3638
2228
1926
3328
37601
520
5618
2181
2553
3392
3671
6159
1142
3461
3464
3465
3460
3463
3123
12010
3711
2263
1882
3134
2896
3477
2858
3524
6160
3610
2651
45678
2168
3693
10253
17729
3157
38462
3286
3727
2036
6703
6702
3867
3866
3295
3395
3932
2874
1325
3227
3228
1450
3246
3247
3776
4028
2594
8732
3489
2445
4556
365
13929
6326
6325
31685
3685
1265
246
3053
4191
4060
13819
13820
13821
13818
13822
9987
2420
4309
1292
378
4403
4400
4406
4405
4402
4404
2193
1878
4098
7171
4427
1930
8913
7021
7020
5719
6075
1780
1795
4099
5245
1821
44544
13400
6088
2151
3161
7165
1227
5352
19999
3448
1172
436
2287
195
7683
5031
3199
1489
3574
198
197
8415
4059
1177
1263
5419
3624
7236
1925
393
2496
3287
3336
3335
3337
6073
2234
3447
242
2464
1844
3223
1335
2362
2289
2762
2761
11112
1941
33331
2861
2860
1945
2098
6072
3041
2227
2226
3046
3252
4675
4676
547
546
34567
6785
33333
21554
2960
1133
4330
8750
5426
3298
2763
1702
2092
4851
3444
3714
1278
1266
3668
7569
2562
579
1656
1655
2753
1256
1254
1255
2164
8894
8893
8891
8890
4167
11202
3988
6511
4953
1415
2365
2345
6104
3938
8132
244
6117
1908
9802
9800
3282
461
6624
6625
2229
1857
3578
2764
3498
1679
7411
6130
5777
2870
45824
3458
3394
3393
2298
2297
9388
9387
3120
8555
4301
4170
3297
2017
1898
5420
772
3645
8442
9888
551
4673
7547
1686
7648
5271
4980
7279
3127
1932
4047
3772
2153
4451
4452
2563
9346
7022
3773
4379
1851
7023
3191
3417
4078
5637
3022
2807
2890
3004
1837
3271
2699
7847
2955
105
24754
348
3145
1471
1468
3072
40841
40842
40843
4187
1724
3631
3630
2129
3113
5231
8380
8377
8376
8379
8378
2422
6253
3818
41797
41796
38002
3364
455
3366
2314
2824
2823
2746
17222
5194
14250
3257
3256
3201
4051
3609
4377
5079
4378
64
5984
2324
10321
2654
19220
9093
3183
3288
2565
4774
7551
5412
4846
5992
4692
693
16384
3442
3441
2137
531
6970
1648
1802
2491
4308
2417
2555
2459
20003
3416
3605
2534
48556
3490
7689
7574
3377
3779
44444
3039
2415
22351
26257
5684
5683
2976
2757
1757
4785
7168
7262
8501
1294
164
3576
2617
7174
18243
7550
45514
1944
356
3730
6690
6688
6687
2052
371
3481
9087
4136
4137
172
3974
1729
7229
7228
2512
2513
2897
504
43441
4050
6633
131
15555
5786
1741
22343
2931
3887
1743
2891
3770
10125
5993
3020
1377
562
4316
4314
3099
17219
1572
1891
1892
3349
18241
5505
3903
2182
2183
3893
7563
1768
1767
1766
1765
7546
2856
2922
2921
1640
1639
1794
4074
3987
4140
2571
4115
2412
3056
3315
3616
4055
4054
4053
3559
4970
4969
3947
2116
9695
3154
3114
3575
7169
4870
4419
3750
12168
3061
2122
2836
3450
7167
3682
1197
4573
3106
3105
5247
5246
3290
4728
1756
8998
8610
8609
3756
8614
8613
8612
8611
1872
6568
3583
42509
42508
24676
3660
3661
1920
1919
4450
1734
3545
9283
3675
2906
2517
2552
22537
588
7162
1202
5251
16789
2318
1563
7163
1554
7161
282
595
5248
5249
14414
3709
8026
5065
5064
3778
4155
5154
1375
4027
10880
3626
4990
3107
4747
4971
2964
2965
2446
1854
1961
2803
2444
2536
1252
5321
5320
2619
3043
4104
4103
4102
5682
22951
2155
3188
1323
2169
5425
3593
2845
2844
9380
4186
2218
28589
2990
2913
1304
4914
7687
2961
6501
6410
6409
6408
6407
6406
6405
6404
6402
6403
9750
3344
10439
1120
13823
3182
3181
1313
6301
4568
10128
6768
6767
3561
1770
1769
2059
3604
6300
10129
3695
2494
2625
2877
2277
48129
8195
10288
2574
2911
3724
2032
2178
5068
5584
5585
6946
3411
2663
2662
29999
3783
24577
1962
310
357
354
482
152
3966
4784
6784
3785
25955
25954
5424
6122
3960
1943
2414
2852
4426
3124
581
6508
6507
10107
13216
1951
1704
4677
4175
3327
4305
5429
573
567
2708
1929
4324
6506
6505
47808
3387
2635
6696
2204
1896
3512
5072
16665
10260
35100
22800
3277
4488
17220
2238
3502
4413
20057
2992
17221
2131
2050
31020
4685
1140
3104
3437
5115
5067
387
33123
2772
2066
1146
3643
7543
2419
2317
5586
4937
5150
1520
11367
4154
3965
20999
1170
1171
208
207
203
2864
27876
4485
4704
24850
1749
7235
3087
5042
45001
45000
44600
5727
11489
2192
5155
4077
4448
3864
3451
386
4026
7166
8211
3518
27782
3176
3726
384
9292
3174
9295
9294
1913
3426
8423
3140
7570
421
2624
2581
2582
11321
23546
1834
1115
1826
1557
2264
4393
4392
4391
4394
3758
3142
5472
5474
5471
5470
5086
1447
2136
2616
4849
3312
2037
2336
4674
3239
3236
3237
3238
2758
10252
2759
8121
2754
8122
3184
32483
539
18888
9952
9951
7846
7845
6549
5456
5455
5454
9164
9163
9162
5192
2247
1206
1781
3440
3715
3340
3339
3341
3338
2646
4936
2929
1320
16995
16994
3054
2848
2268
5671
459
1536
5196
5195
8040
2639
30004
30003
1931
5506
6831
8301
10080
4563
4011
35355
4165
7799
3265
1845
3433
1653
1849
463
9209
36001
9955
9956
16003
3234
2667
2668
2740
3613
2473
4804
2783
2175
1481
2887
3833
2846
17555
21221
3316
2786
2785
4071
7738
4149
3021
3026
38203
2331
3917
4362
7107
3224
1219
23457
23456
4549
9389
2295
3760
3357
5913
3954
3705
3704
2692
3279
6769
7508
2521
2085
5411
2859
5106
5107
5103
4671
2149
7509
4046
2071
3822
6801
9216
4013
9953
187
2476
2475
2334
8793
2259
12008
12007
7781
6868
1205
4108
62
2796
18463
1955
3781
4885
1546
6316
3655
2894
1601
2878
3939
3619
3618
5605
5604
28119
4726
4502
4597
4598
3598
3597
3125
5602
5603
9092
22347
6483
4756
4150
7215
7216
6997
4179
10541
10544
10543
10540
10542
3028
3027
3029
44818
32636
9060
3408
23294
3284
2933
2934
5785
5783
5782
5781
15363
8809
48049
1181
3446
2339
5265
5264
1742
15998
3091
